143
416
144
421
833
1387
2074
2917
3881
4984
6244
7621
9136
145
275
145
276
147
281
142
277
 New Iteration
144
280
 New Iteration
144
 New Iteration
138
274
419
571
710
838
976
1123
1307
1472
1560
1678
1852
1967
2077
2254
2386
2515
2683
2893
2946
3086
3223
3330
3535
3956
3973
4042
4235
4240
4321
4417
4606
4736
4850
5004
5148
5331
5488
5559
5725
5803
5985
6108
6253
6465
6556
6697
6848
6963
7090
7252
7398
7510
7621
8177
8209
8077
8165
8281
8402
8623
8692
9096
9652
9513
9376
9383
9727
9655
9732
10219
10636
10691
10566
10800
10861
10996
11151
11292
11475
11565
11694
11813
11823
12166
12263
12414
12456
12629
12737
12881
13069
13221
13430
13649
13918
13811
14010
13962
14291
14327
14561
14697
14829
15381
15343
15347
15729
15585
15642
16083
15861
16202
16850
16648
16480
16511
17386
17565
17441
